GATE_SB_TR: 10,893,48,35
GATE_TR_CL: 1760,1734,48,35
GATE_TX_TR: 1555,57,48,35
TR_ROOT01: 68,840,148,75
TR_ROOT02: 238,874,248,35
TR_ROOT03: 485,797,48,112
TR_ROOT04: 248,130,48,78
TR_ROOT05: 312,129,148,35
TR_S05: 365,95,48,35
TR_ROOT06: 514,123,48,35
TR_ROOT07: 550,873,248,45
TR_ROOT08: 569,141,101,72
TR_ROOT09: 651,144,149,35
TR_ROOT10: 728,176,48,35
TR_ROOT11: 798,843,149,72
TR_ROOT12: 957,831,48,35
TR_ROOT14: 1066,822,149,35
TR_S04: 1021,817,48,35
TR_ROOT63: 1269,1382,48,242
TR_ROOT64: 1336,1328,120,92
TR_ROOT65: 1465,725,56,35
TR_ROOT25: 1004,137,48,72
TR_ROOT26: 802,152,148,35
TR_SACRIFICE: 1334,1273,48,35
TR_ROTGATE: 1566,1750,209,35
TR_ROOT13_SAINT: 963,878,350,39
TR_ROOT24_SAINT: 1015,218,220,35
TR_ROT01: 1395,1091,57,74
TR_S07_SAINT: 1439,1786,48,35
TR_ROT02: 1423,1702,48,35
TR_ROT03: 1427,1075,98,35
TR_ROT04: 1517,1639,64,114
TR_ROT05: 1585,1608,48,35
TR_ROT07: 1335,114,48,35
TR_ROT08: 1398,933,109,116
TR_CAVE01: 1601,688,56,37
TR_CAVE02: 1524,720,151,52
TR_CAVE03: 1529,790,48,112
TR_CAVE04: 1543,215,98,72
TR_CAVE05: 1667,254,48,35
TR_CAVE06: 1712,218,148,39
TR_CAVE07: 1848,195,48,35
TR_S10: 1588,24,48,35
