GATE_SB_TR: 10,1829,48,35
GATE_TR_SH: 2874,3288,48,35
GATE_UW_TR: 1849,2739,48,35
TR_S01: 2822,3286,48,35
TR_ROOT01: 68,1776,148,75
TR_ROOT02: 238,1810,248,35
TR_ROOT03: 485,1733,48,112
TR_ROOT04: 248,333,48,78
TR_ROOT05: 312,332,148,35
TR_S05: 365,298,48,35
TR_ROOT06: 514,326,48,35
TR_ROOT07: 550,1809,248,45
TR_ROOT08: 569,344,101,72
TR_ROOT09: 651,347,149,35
TR_ROOT10: 728,379,48,35
TR_ROOT11: 798,1779,149,72
TR_ROOT12: 957,1768,48,35
TR_ROOT13: 963,1814,350,39
TR_ROOT14: 1066,1759,149,35
TR_S04: 1021,1753,48,35
TR_ROOT15: 1240,374,161,35
TR_ROOT16: 1341,1822,200,75
TR_S03: 1460,3213,48,35
TR_ROOT17: 1546,1891,101,35
TR_ROOT18: 1551,3180,298,112
TR_ROOT62: 1578,1781,55,45
TR_ROOT63: 1583,174,48,242
TR_ROOT19: 1764,1876,48,72
TR_ROOT20: 1827,1878,48,35
TR_ROOT21: 1412,382,101,35
TR_ROOT22: 1628,1722,148,72
TR_ROOT23: 1517,1732,101,72
TR_ROOT24: 1015,421,220,35
TR_ROOT25: 1004,340,48,72
TR_ROOT26: 802,355,148,35
TR_ROOT27: 1790,1749,48,72
TR_ROOT28: 1855,3217,149,42
TR_ROOT29: 1884,1871,159,35
TR_S02: 1880,1834,48,35
TR_ROOT30: 2027,1827,199,35
TR_ROOT31: 2235,1794,99,72
TR_ROOT32: 2346,1813,48,35
TR_S09: 2371,1774,48,35
TR_ROOT33: 2406,1824,299,41
TR_ROOT60: 2637,1875,48,35
TR_ROOT61: 2699,1877,198,35
TR_ROOT34: 2556,3177,48,72
TR_ROOT35: 2462,3273,148,35
TR_ROOT36: 2386,3191,48,72
TR_ROOT37: 2351,3158,48,35
TR_ROOT38: 2123,3121,251,35
TR_ROOT39: 2131,3173,101,35
TR_ROOT40: 1493,1913,48,112
TR_ROOT41: 1552,2013,48,35
TR_ROOT42: 1707,3321,48,147
TR_ROOT43: 1764,2023,48,112
TR_ROOT44: 1823,2010,48,35
TR_S06: 1823,1966,48,35
TR_ROOT49: 1651,3488,102,72
TR_ROOT50: 1760,3537,56,190
TR_ROOT52: 1609,2029,48,35
TR_ROOT53: 1705,3698,48,150
TR_ROOT57: 1652,3763,48,35
TR_S08: 1660,3802,48,35
TR_ROOT54: 1652,3689,48,37
TR_ROOT55: 1760,3824,61,150
TR_ROOT56: 1652,3865,102,35
TR_ROOT51: 1705,3941,48,72
TR_ROOT45: 1766,2678,148,47
TR_ROOT46: 1489,2635,148,47
TR_ROOT47: 1273,2644,199,40
TR_S07: 1292,2694,48,35
TR_ROOT48: 1651,4042,102,72
TR_ROOT58: 1593,3655,148,35
TR_ROOT59: 1587,3710,56,187
GATE_TX_TR: 1515,1402,48,35
